# Mode: Manual
# Type: NPS
# Pulse count: 4
# Minimum ITI: 20 ms
# Width mode: Fixed Time
# Pulse width: 0.10 ms (HIGH time 100 us)
# Timer: 60000 ms
# Pulses fired: 240
# Timing faults: 0
# Intervals exported by the firmware
# ITI_ms
329
124
30
333
51
269
299
349
466
51
25
970
115
23
73
548
193
167
20
602
41
77
84
930
252
46
20
615
326
20
20
936
20
60
20
39
399
22
418
318
471
220
83
82
459
71
168
1117
20
20
37
970
49
20
20
561
308
98
21
559
314
25
110
89
631
52
68
461
628
20
35
435
23
488
45
967
21
20
20
889
73
20
20
836
82
44
20
710
184
75
41
411
257
45
287
478
325
139
39
506
342
137
27
231
29
470
126
323
44
396
285
134
463
22
129
657
290
74
274
985
20
42
20
397
272
179
20
156
40
153
706
144
665
131
46
161
768
59
99
69
356
97
285
221
799
127
20
866
31
70
24
775
123
93
26
181
20
557
31
921
40
220
20
336
88
357
61
676
90
348
40
932
37
20
45
941
23
20
20
368
345
32
212
725
168
62
23
999
20
26
20
501
340
20
35
836
69
20
75
314
541
216
23
420
22
137
231
395
624
20
59
636
107
301
56
745
215
20
20
565
194
81
40
211
597
156
20
544
220
112
40
956
57
186
22
663
206
20
82
